255 0 0
221 0 0
188 0 0
155 0 0
255 33 33
221 28 28
188 24 24
155 20 20
255 66 66
221 57 57
188 49 49
155 40 40
255 99 99
221 86 86
188 73 73
155 60 60
255 29 0
221 25 0
188 22 0
155 18 0
255 59 33
221 51 28
188 43 24
155 36 20
255 88 66
221 76 57
188 65 49
155 53 40
255 117 99
221 102 86
188 87 73
155 71 60
255 59 0
221 51 0
188 44 0
155 36 0
255 84 33
221 73 28
188 62 24
155 51 20
255 110 66
221 95 57
188 81 49
155 67 40
255 135 99
221 118 86
188 100 73
155 82 60
255 89 0
221 77 0
188 66 0
155 54 0
255 110 33
221 96 28
188 81 24
155 67 20
255 132 66
221 115 57
188 97 49
155 80 40
255 153 99
221 133 86
188 113 73
155 93 60
131 255 0
114 221 0
97 188 0
80 155 0
147 255 33
128 221 28
109 188 24
90 155 20
163 255 66
142 221 57
121 188 49
99 155 40
179 255 99
156 221 86
133 188 73
109 155 60
101 255 0
88 221 0
75 188 0
62 155 0
121 255 33
106 221 28
90 188 24
74 155 20
141 255 66
123 221 57
104 188 49
86 155 40
161 255 99
140 221 86
119 188 73
98 155 60
72 255 0
62 221 0
53 188 0
44 155 0
96 255 33
83 221 28
71 188 24
58 155 20
119 255 66
104 221 57
88 188 49
73 155 40
143 255 99
124 221 86
106 188 73
87 155 60
42 255 0
36 221 0
31 188 0
25 155 0
70 255 33
61 221 28
51 188 24
42 155 20
97 255 66
85 221 57
72 188 49
59 155 40
125 255 99
109 221 86
92 188 73
76 155 60
0 255 255
0 221 221
0 188 188
0 155 155
33 255 255
28 221 221
24 188 188
20 155 155
66 255 255
57 221 221
49 188 188
40 155 155
99 255 255
86 221 221
73 188 188
60 155 155
0 225 255
0 195 221
0 166 188
0 137 155
33 229 255
28 199 221
24 169 188
20 139 155
66 232 255
57 202 221
49 172 188
40 142 155
99 236 255
86 206 221
73 175 188
60 144 155
0 195 255
0 170 221
0 144 188
0 119 155
33 203 255
28 176 221
24 150 188
20 123 155
66 210 255
57 183 221
49 156 188
40 128 155
99 218 255
86 190 221
73 161 188
60 133 155
0 165 255
0 144 221
0 122 188
0 101 155
33 177 255
28 154 221
24 131 188
20 108 155
66 188 255
57 164 221
49 139 188
40 115 155
99 200 255
86 174 221
73 148 188
60 122 155
127 0 255
110 0 221
94 0 188
77 0 155
144 33 255
125 28 221
106 24 188
87 20 155
160 66 255
139 57 221
118 49 188
97 40 155
177 99 255
154 86 221
131 73 188
108 60 155
157 0 255
136 0 221
116 0 188
95 0 155
169 33 255
147 28 221
125 24 188
103 20 155
182 66 255
158 57 221
135 49 188
111 40 155
195 99 255
169 86 221
144 73 188
119 60 155
187 0 255
162 0 221
138 0 188
114 0 155
195 33 255
170 28 221
144 24 188
119 20 155
204 66 255
178 57 221
151 49 188
124 40 155
213 99 255
185 86 221
158 73 188
130 60 155
216 0 255
188 0 221
160 0 188
132 0 155
221 33 255
192 28 221
164 24 188
135 20 155
226 66 255
197 57 221
167 49 188
138 40 155
231 99 255
201 86 221
171 73 188
141 60 155